[{'n_node': array(23), 'n_edge': array([20]), 'edges': array([[1., 0., 0., 0.],
       [0., 1., 0., 0.],
       [1., 0., 0., 0.],
       [0., 1., 0., 0.],
       [1., 0., 0., 0.],
       [0., 1., 0., 0.],
       [1., 0., 0., 0.],
       [0., 1., 0., 0.],
       [0., 1., 0., 0.],
       [1., 0., 0., 0.],
       [0., 0., 0., 1.],
       [0., 1., 0., 0.],
       [1., 0., 0., 0.],
       [0., 1., 0., 0.],
       [0., 0., 1., 0.],
       [1., 0., 0., 0.],
       [0., 0., 0., 1.],
       [0., 1., 0., 0.],
       [1., 0., 0., 0.],
       [0., 0., 1., 0.]]), 'senders': array([ 1,  2,  3,  4,  5,  6,  9, 10, 12, 16, 16, 17, 18, 19, 20, 20, 20,
       21, 22, 22]), 'receivers': array([12, 22,  4,  3,  6,  5, 10,  9,  1, 17, 20, 16, 19, 18, 16, 21, 22,
       20,  2, 20]), 'globals': None, 'nodes': array([[0],
       [0],
       [1],
       [0],
       [0],
       [0],
       [0],
       [0],
       [0],
       [0],
       [0],
       [0],
       [0],
       [0],
       [0],
       [0],
       [1],
       [1],
       [0],
       [0],
       [1],
       [1],
       [1]])}, {'n_node': array(17), 'n_edge': array([18]), 'edges': array([[1., 0., 0., 0.],
       [0., 1., 0., 0.],
       [0., 1., 0., 0.],
       [0., 0., 1., 0.],
       [1., 0., 0., 0.],
       [0., 1., 0., 0.],
       [1., 0., 0., 0.],
       [0., 1., 0., 0.],
       [1., 0., 0., 0.],
       [0., 1., 0., 0.],
       [0., 0., 0., 1.],
       [1., 0., 0., 0.],
       [0., 0., 1., 0.],
       [0., 1., 0., 0.],
       [1., 0., 0., 0.],
       [0., 0., 0., 1.],
       [0., 1., 0., 0.],
       [1., 0., 0., 0.]]), 'senders': array([ 0,  1,  2,  3,  5,  6,  7,  8,  9, 10, 11, 11, 11, 12, 13, 14, 14,
       16]), 'receivers': array([ 1,  0, 16, 11,  6,  5,  8,  7, 10,  9,  3, 12, 14, 11, 14, 11, 13,
        2]), 'globals': None, 'nodes': array([[1],
       [0],
       [0],
       [1],
       [0],
       [0],
       [0],
       [0],
       [0],
       [0],
       [0],
       [1],
       [1],
       [1],
       [1],
       [0],
       [0]])}, {'n_node': array(17), 'n_edge': array([10]), 'edges': array([[0., 0., 1., 0.],
       [1., 0., 0., 0.],
       [0., 1., 0., 0.],
       [0., 0., 0., 1.],
       [1., 0., 0., 0.],
       [0., 1., 0., 0.],
       [1., 0., 0., 0.],
       [0., 1., 0., 0.],
       [1., 0., 0., 0.],
       [0., 1., 0., 0.]]), 'senders': array([ 0,  4,  5,  9,  9, 10, 12, 13, 15, 16]), 'receivers': array([ 9,  5,  4,  0, 10,  9, 13, 12, 16, 15]), 'globals': None, 'nodes': array([[1],
       [0],
       [0],
       [0],
       [0],
       [0],
       [0],
       [0],
       [0],
       [1],
       [1],
       [0],
       [0],
       [0],
       [0],
       [0],
       [0]])}, {'n_node': array(18), 'n_edge': array([16]), 'edges': array([[0., 0., 1., 0.],
       [0., 0., 0., 1.],
       [0., 0., 0., 1.],
       [1., 0., 0., 0.],
       [0., 1., 0., 0.],
       [0., 0., 0., 1.],
       [1., 0., 0., 0.],
       [0., 1., 0., 0.],
       [0., 0., 1., 0.],
       [1., 0., 0., 0.],
       [0., 1., 0., 0.],
       [0., 0., 1., 0.],
       [1., 0., 0., 0.],
       [0., 1., 0., 0.],
       [1., 0., 0., 0.],
       [0., 1., 0., 0.]]), 'senders': array([ 1,  1,  2,  5,  6,  6,  7,  8, 11, 11, 12, 13, 13, 14, 16, 17]), 'receivers': array([ 2, 11,  1,  6,  5, 13,  8,  7,  1, 12, 11,  6, 14, 13, 17, 16]), 'globals': None, 'nodes': array([[1],
       [1],
       [1],
       [0],
       [0],
       [1],
       [1],
       [0],
       [0],
       [0],
       [0],
       [1],
       [1],
       [1],
       [1],
       [0],
       [0],
       [0]])}, {'n_node': array(19), 'n_edge': array([18]), 'edges': array([[1., 0., 0., 0.],
       [0., 0., 0., 1.],
       [0., 0., 1., 0.],
       [0., 1., 0., 0.],
       [0., 0., 1., 0.],
       [1., 0., 0., 0.],
       [0., 1., 0., 0.],
       [1., 0., 0., 0.],
       [0., 0., 1., 0.],
       [0., 1., 0., 0.],
       [1., 0., 0., 0.],
       [0., 0., 0., 1.],
       [0., 1., 0., 0.],
       [1., 0., 0., 0.],
       [0., 1., 0., 0.],
       [0., 0., 0., 1.],
       [1., 0., 0., 0.],
       [0., 1., 0., 0.]]), 'senders': array([ 0,  0,  0,  1,  5,  5,  6,  8,  8,  9, 11, 12, 12, 13, 14, 16, 17,
       18]), 'receivers': array([ 1,  5, 12,  0,  0,  6,  5,  9, 16,  8, 12,  0, 11, 14, 13,  8, 18,
       17]), 'globals': None, 'nodes': array([[1],
       [1],
       [1],
       [0],
       [0],
       [1],
       [1],
       [0],
       [1],
       [1],
       [0],
       [1],
       [1],
       [0],
       [0],
       [0],
       [1],
       [0],
       [0]])}, {'n_node': array(21), 'n_edge': array([16]), 'edges': array([[0., 0., 0., 1.],
       [1., 0., 0., 0.],
       [1., 0., 0., 0.],
       [0., 1., 0., 0.],
       [1., 0., 0., 0.],
       [0., 1., 0., 0.],
       [0., 0., 0., 1.],
       [0., 0., 1., 0.],
       [1., 0., 0., 0.],
       [0., 1., 0., 0.],
       [0., 0., 1., 0.],
       [0., 1., 0., 0.],
       [0., 0., 1., 0.],
       [0., 0., 0., 1.],
       [1., 0., 0., 0.],
       [0., 1., 0., 0.]]), 'senders': array([ 0,  1,  2,  3,  5,  6,  7,  8, 11, 12, 12, 13, 14, 14, 16, 17]), 'receivers': array([14, 12,  3,  2,  6,  5,  8,  7, 13,  1, 14, 11,  0, 12, 17, 16]), 'globals': None, 'nodes': array([[1],
       [1],
       [1],
       [0],
       [0],
       [0],
       [0],
       [1],
       [1],
       [0],
       [0],
       [0],
       [1],
       [0],
       [1],
       [0],
       [0],
       [0],
       [0],
       [0],
       [0]])}, {'n_node': array(24), 'n_edge': array([16]), 'edges': array([[1., 0., 0., 0.],
       [0., 0., 0., 1.],
       [0., 1., 0., 0.],
       [1., 0., 0., 0.],
       [0., 1., 0., 0.],
       [1., 0., 0., 0.],
       [0., 1., 0., 0.],
       [0., 1., 0., 0.],
       [0., 0., 1., 0.],
       [0., 0., 1., 0.],
       [0., 0., 0., 1.],
       [1., 0., 0., 0.],
       [0., 1., 0., 0.],
       [1., 0., 0., 0.],
       [0., 1., 0., 0.],
       [1., 0., 0., 0.]]), 'senders': array([ 1,  2,  2,  3,  4, 10, 11, 12, 15, 16, 16, 17, 18, 21, 22, 23]), 'receivers': array([12, 16, 23,  4,  3, 11, 10,  1, 16,  2, 15, 18, 17, 22, 21,  2]), 'globals': None, 'nodes': array([[1],
       [0],
       [1],
       [0],
       [0],
       [0],
       [0],
       [0],
       [0],
       [0],
       [0],
       [0],
       [0],
       [0],
       [0],
       [1],
       [1],
       [0],
       [0],
       [0],
       [0],
       [0],
       [0],
       [1]])}, {'n_node': array(19), 'n_edge': array([16]), 'edges': array([[1., 0., 0., 0.],
       [0., 0., 0., 1.],
       [0., 1., 0., 0.],
       [1., 0., 0., 0.],
       [0., 0., 1., 0.],
       [0., 1., 0., 0.],
       [0., 0., 0., 1.],
       [1., 0., 0., 0.],
       [0., 1., 0., 0.],
       [0., 0., 1., 0.],
       [1., 0., 0., 0.],
       [0., 1., 0., 0.],
       [0., 0., 0., 1.],
       [0., 0., 1., 0.],
       [1., 0., 0., 0.],
       [0., 1., 0., 0.]]), 'senders': array([ 0,  0,  1,  2,  3,  3,  3,  4,  5,  8,  8,  9,  9, 12, 15, 16]), 'receivers': array([ 1,  3,  0,  3,  0,  2,  8,  5,  4,  3,  9,  8, 12,  9, 16, 15]), 'globals': None, 'nodes': array([[1],
       [1],
       [1],
       [1],
       [0],
       [0],
       [0],
       [0],
       [1],
       [1],
       [0],
       [0],
       [1],
       [0],
       [0],
       [0],
       [0],
       [0],
       [0]])}, {'n_node': array(16), 'n_edge': array([12]), 'edges': array([[1., 0., 0., 0.],
       [0., 1., 0., 0.],
       [0., 0., 0., 1.],
       [0., 1., 0., 0.],
       [1., 0., 0., 0.],
       [0., 1., 0., 0.],
       [0., 0., 1., 0.],
       [1., 0., 0., 0.],
       [0., 1., 0., 0.],
       [1., 0., 0., 0.],
       [0., 1., 0., 0.],
       [1., 0., 0., 0.]]), 'senders': array([ 0,  1,  1,  2,  3,  4,  6,  8,  9, 12, 13, 15]), 'receivers': array([ 1,  0,  6, 15,  4,  3,  1,  9,  8, 13, 12,  2]), 'globals': None, 'nodes': array([[1],
       [1],
       [0],
       [1],
       [0],
       [0],
       [1],
       [0],
       [0],
       [0],
       [0],
       [0],
       [0],
       [0],
       [0],
       [0]])}, {'n_node': array(17), 'n_edge': array([14]), 'edges': array([[1., 0., 0., 0.],
       [0., 0., 0., 1.],
       [0., 1., 0., 0.],
       [0., 0., 0., 1.],
       [0., 0., 1., 0.],
       [1., 0., 0., 0.],
       [0., 1., 0., 0.],
       [1., 0., 0., 0.],
       [0., 0., 1., 0.],
       [0., 1., 0., 0.],
       [1., 0., 0., 0.],
       [0., 1., 0., 0.],
       [0., 0., 0., 1.],
       [0., 0., 1., 0.]]), 'senders': array([ 0,  0,  1,  1,  1,  2,  3,  7,  8,  8, 10, 11, 13, 16]), 'receivers': array([ 1, 16,  0,  8, 13,  3,  2,  8,  1,  7, 11, 10,  1,  0]), 'globals': None, 'nodes': array([[1],
       [1],
       [1],
       [0],
       [0],
       [0],
       [0],
       [1],
       [1],
       [0],
       [0],
       [0],
       [0],
       [1],
       [0],
       [0],
       [1]])}, {'n_node': array(19), 'n_edge': array([16]), 'edges': array([[0., 0., 0., 1.],
       [0., 0., 1., 0.],
       [0., 0., 1., 0.],
       [0., 1., 0., 0.],
       [1., 0., 0., 0.],
       [0., 1., 0., 0.],
       [0., 0., 0., 1.],
       [0., 0., 1., 0.],
       [0., 0., 0., 1.],
       [1., 0., 0., 0.],
       [0., 1., 0., 0.],
       [1., 0., 0., 0.],
       [0., 0., 1., 0.],
       [0., 1., 0., 0.],
       [0., 0., 0., 1.],
       [1., 0., 0., 0.]]), 'senders': array([ 1,  1,  2,  2,  3,  4, 10, 10, 11, 11, 12, 13, 14, 14, 17, 18]), 'receivers': array([ 2, 11,  1, 18,  4,  3, 14, 17,  1, 12, 11, 14, 10, 13, 10,  2]), 'globals': None, 'nodes': array([[1],
       [1],
       [1],
       [1],
       [0],
       [0],
       [0],
       [0],
       [0],
       [0],
       [1],
       [1],
       [1],
       [1],
       [1],
       [0],
       [0],
       [1],
       [1]])}, {'n_node': array(18), 'n_edge': array([18]), 'edges': array([[1., 0., 0., 0.],
       [0., 1., 0., 0.],
       [0., 0., 0., 1.],
       [0., 1., 0., 0.],
       [1., 0., 0., 0.],
       [0., 1., 0., 0.],
       [0., 0., 1., 0.],
       [0., 0., 0., 1.],
       [1., 0., 0., 0.],
       [0., 1., 0., 0.],
       [1., 0., 0., 0.],
       [0., 1., 0., 0.],
       [1., 0., 0., 0.],
       [0., 1., 0., 0.],
       [1., 0., 0., 0.],
       [0., 1., 0., 0.],
       [1., 0., 0., 0.],
       [0., 0., 1., 0.]]), 'senders': array([ 0,  1,  1,  2,  3,  4,  5,  5,  7,  8, 10, 11, 12, 13, 14, 15, 17,
       17]), 'receivers': array([ 1,  0,  5, 17,  4,  3,  1, 17,  8,  7, 11, 10, 13, 12, 15, 14,  2,
        5]), 'globals': None, 'nodes': array([[1],
       [1],
       [1],
       [1],
       [0],
       [1],
       [0],
       [0],
       [0],
       [0],
       [0],
       [0],
       [0],
       [0],
       [0],
       [0],
       [0],
       [1]])}, {'n_node': array(13), 'n_edge': array([14]), 'edges': array([[0., 0., 1., 0.],
       [0., 0., 0., 1.],
       [1., 0., 0., 0.],
       [0., 0., 0., 1.],
       [0., 0., 1., 0.],
       [0., 1., 0., 0.],
       [0., 0., 0., 1.],
       [0., 0., 1., 0.],
       [1., 0., 0., 0.],
       [0., 0., 0., 1.],
       [0., 1., 0., 0.],
       [0., 0., 1., 0.],
       [1., 0., 0., 0.],
       [0., 1., 0., 0.]]), 'senders': array([ 0,  1,  1,  3,  3,  5,  5,  8,  8,  8,  9, 10, 10, 11]), 'receivers': array([ 3,  3,  5,  0,  1,  1,  8,  5,  9, 10,  8,  8, 11, 10]), 'globals': None, 'nodes': array([[1],
       [1],
       [0],
       [1],
       [0],
       [1],
       [0],
       [0],
       [1],
       [1],
       [1],
       [1],
       [0]])}, {'n_node': array(28), 'n_edge': array([30]), 'edges': array([[1., 0., 0., 0.],
       [0., 1., 0., 0.],
       [1., 0., 0., 0.],
       [0., 0., 1., 0.],
       [0., 1., 0., 0.],
       [0., 0., 0., 1.],
       [0., 0., 1., 0.],
       [1., 0., 0., 0.],
       [0., 1., 0., 0.],
       [1., 0., 0., 0.],
       [0., 1., 0., 0.],
       [1., 0., 0., 0.],
       [0., 1., 0., 0.],
       [1., 0., 0., 0.],
       [0., 0., 1., 0.],
       [1., 0., 0., 0.],
       [0., 1., 0., 0.],
       [0., 0., 0., 1.],
       [0., 0., 0., 1.],
       [0., 0., 1., 0.],
       [1., 0., 0., 0.],
       [0., 1., 0., 0.],
       [0., 0., 0., 1.],
       [1., 0., 0., 0.],
       [0., 1., 0., 0.],
       [0., 1., 0., 0.],
       [1., 0., 0., 0.],
       [0., 1., 0., 0.],
       [1., 0., 0., 0.],
       [0., 1., 0., 0.]]), 'senders': array([ 0,  1,  2,  2,  3,  3,  3,  4,  5,  6,  7,  8,  9, 12, 13, 13, 14,
       14, 15, 15, 15, 16, 17, 19, 20, 21, 23, 24, 26, 27]), 'receivers': array([ 1,  0,  3, 15,  2, 13, 17,  5,  4,  7,  6,  9,  8, 21,  3, 14, 13,
       15,  2, 14, 16, 15,  3, 20, 19, 12, 24, 23, 27, 26]), 'globals': None, 'nodes': array([[1],
       [0],
       [1],
       [1],
       [0],
       [0],
       [0],
       [0],
       [0],
       [0],
       [0],
       [0],
       [0],
       [1],
       [1],
       [1],
       [1],
       [1],
       [0],
       [0],
       [0],
       [0],
       [0],
       [0],
       [0],
       [0],
       [0],
       [0]])}, {'n_node': array(22), 'n_edge': array([14]), 'edges': array([[1., 0., 0., 0.],
       [0., 1., 0., 0.],
       [1., 0., 0., 0.],
       [0., 1., 0., 0.],
       [1., 0., 0., 0.],
       [0., 0., 1., 0.],
       [0., 1., 0., 0.],
       [1., 0., 0., 0.],
       [0., 1., 0., 0.],
       [0., 0., 0., 1.],
       [1., 0., 0., 0.],
       [0., 1., 0., 0.],
       [0., 0., 0., 1.],
       [0., 0., 1., 0.]]), 'senders': array([ 2,  3,  4,  5, 10, 10, 11, 12, 15, 15, 16, 17, 18, 18]), 'receivers': array([ 3,  2,  5,  4, 11, 18, 10, 15, 12, 18, 17, 16, 10, 15]), 'globals': None, 'nodes': array([[1],
       [0],
       [0],
       [0],
       [0],
       [0],
       [0],
       [0],
       [0],
       [0],
       [1],
       [1],
       [1],
       [0],
       [0],
       [1],
       [0],
       [0],
       [1],
       [0],
       [0],
       [0]])}, {'n_node': array(21), 'n_edge': array([20]), 'edges': array([[1., 0., 0., 0.],
       [0., 0., 1., 0.],
       [0., 1., 0., 0.],
       [1., 0., 0., 0.],
       [0., 1., 0., 0.],
       [1., 0., 0., 0.],
       [0., 1., 0., 0.],
       [1., 0., 0., 0.],
       [0., 1., 0., 0.],
       [1., 0., 0., 0.],
       [0., 1., 0., 0.],
       [0., 0., 0., 1.],
       [0., 0., 1., 0.],
       [0., 0., 0., 1.],
       [1., 0., 0., 0.],
       [0., 0., 0., 1.],
       [0., 1., 0., 0.],
       [1., 0., 0., 0.],
       [0., 1., 0., 0.],
       [0., 0., 1., 0.]]), 'senders': array([ 0,  0,  1,  4,  5,  6,  7,  8,  9, 10, 11, 12, 13, 13, 15, 16, 16,
       18, 19, 20]), 'receivers': array([ 1, 12,  0,  5,  4,  7,  6,  9,  8, 11, 10,  0, 16, 20, 16, 13, 15,
       19, 18, 13]), 'globals': None, 'nodes': array([[1],
       [1],
       [0],
       [0],
       [0],
       [0],
       [0],
       [0],
       [0],
       [0],
       [0],
       [0],
       [1],
       [1],
       [0],
       [1],
       [1],
       [0],
       [0],
       [0],
       [1]])}, {'n_node': array(17), 'n_edge': array([18]), 'edges': array([[1., 0., 0., 0.],
       [0., 1., 0., 0.],
       [1., 0., 0., 0.],
       [0., 1., 0., 0.],
       [0., 0., 1., 0.],
       [0., 0., 0., 1.],
       [1., 0., 0., 0.],
       [0., 1., 0., 0.],
       [0., 0., 0., 1.],
       [1., 0., 0., 0.],
       [0., 0., 1., 0.],
       [0., 1., 0., 0.],
       [1., 0., 0., 0.],
       [0., 0., 0., 1.],
       [0., 0., 1., 0.],
       [0., 1., 0., 0.],
       [1., 0., 0., 0.],
       [0., 1., 0., 0.]]), 'senders': array([ 0,  1,  2,  3,  4,  6,  7,  8,  8,  9, 10, 10, 11, 12, 12, 12, 14,
       15]), 'receivers': array([ 1,  0,  3,  2, 12, 12,  8,  7, 10, 10,  8,  9, 12,  4,  6, 11, 15,
       14]), 'globals': None, 'nodes': array([[1],
       [0],
       [1],
       [0],
       [1],
       [1],
       [1],
       [1],
       [1],
       [1],
       [1],
       [1],
       [1],
       [0],
       [0],
       [0],
       [0]])}, {'n_node': array(32), 'n_edge': array([26]), 'edges': array([[1., 0., 0., 0.],
       [0., 1., 0., 0.],
       [1., 0., 0., 0.],
       [0., 1., 0., 0.],
       [1., 0., 0., 0.],
       [0., 1., 0., 0.],
       [1., 0., 0., 0.],
       [0., 1., 0., 0.],
       [1., 0., 0., 0.],
       [0., 1., 0., 0.],
       [0., 0., 1., 0.],
       [1., 0., 0., 0.],
       [0., 0., 0., 1.],
       [0., 1., 0., 0.],
       [1., 0., 0., 0.],
       [0., 1., 0., 0.],
       [1., 0., 0., 0.],
       [0., 1., 0., 0.],
       [1., 0., 0., 0.],
       [1., 0., 0., 0.],
       [0., 1., 0., 0.],
       [0., 1., 0., 0.],
       [1., 0., 0., 0.],
       [0., 1., 0., 0.],
       [1., 0., 0., 0.],
       [0., 1., 0., 0.]]), 'senders': array([ 0,  1,  2,  3,  4,  5,  6,  7,  9, 10, 11, 13, 14, 14, 17, 18, 20,
       21, 22, 23, 24, 26, 27, 28, 30, 31]), 'receivers': array([ 1,  0,  3,  2,  5,  4,  7,  6, 10,  9, 14, 14, 11, 13, 18, 17, 21,
       20, 24, 26, 22, 23, 28, 27, 31, 30]), 'globals': None, 'nodes': array([[1],
       [0],
       [0],
       [0],
       [0],
       [0],
       [0],
       [0],
       [0],
       [0],
       [0],
       [1],
       [0],
       [1],
       [1],
       [0],
       [0],
       [0],
       [0],
       [0],
       [0],
       [0],
       [0],
       [0],
       [0],
       [0],
       [0],
       [0],
       [0],
       [0],
       [0],
       [0]])}, {'n_node': array(27), 'n_edge': array([24]), 'edges': array([[1., 0., 0., 0.],
       [1., 0., 0., 0.],
       [0., 0., 1., 0.],
       [0., 0., 0., 1.],
       [0., 1., 0., 0.],
       [0., 0., 0., 1.],
       [1., 0., 0., 0.],
       [0., 1., 0., 0.],
       [0., 0., 1., 0.],
       [0., 0., 0., 1.],
       [0., 1., 0., 0.],
       [1., 0., 0., 0.],
       [0., 1., 0., 0.],
       [0., 0., 0., 1.],
       [1., 0., 0., 0.],
       [0., 1., 0., 0.],
       [0., 0., 1., 0.],
       [1., 0., 0., 0.],
       [0., 1., 0., 0.],
       [1., 0., 0., 0.],
       [0., 0., 1., 0.],
       [0., 1., 0., 0.],
       [1., 0., 0., 0.],
       [0., 1., 0., 0.]]), 'senders': array([ 1,  3,  3,  3,  4,  7,  8,  9, 10, 10, 12, 15, 16, 17, 17, 18, 20,
       20, 21, 23, 24, 24, 25, 26]), 'receivers': array([12,  4,  7, 24,  3,  3,  9,  8, 17, 20,  1, 16, 15, 10, 18, 17, 10,
       21, 20, 24,  3, 23, 26, 25]), 'globals': None, 'nodes': array([[1],
       [0],
       [0],
       [1],
       [1],
       [0],
       [0],
       [1],
       [0],
       [0],
       [1],
       [0],
       [0],
       [0],
       [0],
       [0],
       [0],
       [1],
       [1],
       [0],
       [1],
       [1],
       [0],
       [1],
       [1],
       [0],
       [0]])}, {'n_node': array(26), 'n_edge': array([26]), 'edges': array([[1., 0., 0., 0.],
       [0., 1., 0., 0.],
       [0., 1., 0., 0.],
       [0., 0., 0., 1.],
       [0., 0., 1., 0.],
       [1., 0., 0., 0.],
       [0., 1., 0., 0.],
       [1., 0., 0., 0.],
       [0., 1., 0., 0.],
       [0., 0., 1., 0.],
       [1., 0., 0., 0.],
       [0., 1., 0., 0.],
       [1., 0., 0., 0.],
       [0., 1., 0., 0.],
       [0., 0., 1., 0.],
       [0., 0., 0., 1.],
       [1., 0., 0., 0.],
       [0., 0., 0., 1.],
       [0., 1., 0., 0.],
       [0., 0., 0., 1.],
       [1., 0., 0., 0.],
       [0., 1., 0., 0.],
       [1., 0., 0., 0.],
       [0., 1., 0., 0.],
       [0., 0., 1., 0.],
       [1., 0., 0., 0.]]), 'senders': array([ 0,  1,  2,  3,  3,  4,  5,  6,  7,  9, 10, 11, 14, 15, 15, 15, 17,
       18, 18, 19, 19, 20, 21, 22, 23, 25]), 'receivers': array([ 1,  0, 25,  9, 19,  5,  4,  7,  6,  3, 11, 10, 15, 14, 18, 23, 18,
       15, 17,  3, 20, 19, 22, 21, 15,  2]), 'globals': None, 'nodes': array([[1],
       [0],
       [0],
       [1],
       [1],
       [0],
       [0],
       [0],
       [0],
       [1],
       [0],
       [0],
       [0],
       [0],
       [1],
       [1],
       [0],
       [1],
       [1],
       [1],
       [1],
       [0],
       [0],
       [1],
       [0],
       [0]])}, {'n_node': array(15), 'n_edge': array([16]), 'edges': array([[1., 0., 0., 0.],
       [0., 0., 1., 0.],
       [1., 0., 0., 0.],
       [0., 1., 0., 0.],
       [0., 0., 0., 1.],
       [1., 0., 0., 0.],
       [0., 1., 0., 0.],
       [0., 1., 0., 0.],
       [0., 0., 1., 0.],
       [0., 0., 0., 1.],
       [0., 0., 1., 0.],
       [1., 0., 0., 0.],
       [0., 1., 0., 0.],
       [1., 0., 0., 0.],
       [0., 0., 0., 1.],
       [0., 1., 0., 0.]]), 'senders': array([ 1,  2,  3,  4,  4,  5,  6,  7,  7,  8,  8,  9, 10, 12, 13, 13]), 'receivers': array([ 7,  8,  4,  3,  8,  6,  5,  1, 13,  2,  4, 10,  9, 13,  7, 12]), 'globals': None, 'nodes': array([[1],
       [1],
       [1],
       [1],
       [1],
       [0],
       [0],
       [1],
       [1],
       [0],
       [0],
       [0],
       [1],
       [1],
       [0]])}, {'n_node': array(25), 'n_edge': array([18]), 'edges': array([[1., 0., 0., 0.],
       [0., 0., 1., 0.],
       [0., 1., 0., 0.],
       [0., 0., 0., 1.],
       [1., 0., 0., 0.],
       [1., 0., 0., 0.],
       [0., 1., 0., 0.],
       [1., 0., 0., 0.],
       [0., 1., 0., 0.],
       [1., 0., 0., 0.],
       [0., 1., 0., 0.],
       [0., 1., 0., 0.],
       [1., 0., 0., 0.],
       [0., 1., 0., 0.],
       [1., 0., 0., 0.],
       [0., 1., 0., 0.],
       [1., 0., 0., 0.],
       [0., 1., 0., 0.]]), 'senders': array([ 9,  9, 10, 11, 11, 12, 13, 14, 15, 16, 17, 18, 19, 20, 21, 22, 23,
       24]), 'receivers': array([10, 11,  9,  9, 13, 18, 11, 15, 14, 17, 16, 12, 20, 19, 22, 21, 24,
       23]), 'globals': None, 'nodes': array([[0],
       [0],
       [0],
       [0],
       [0],
       [0],
       [0],
       [0],
       [0],
       [1],
       [1],
       [1],
       [0],
       [1],
       [0],
       [0],
       [0],
       [0],
       [0],
       [0],
       [0],
       [0],
       [0],
       [0],
       [0]])}, {'n_node': array(22), 'n_edge': array([20]), 'edges': array([[0., 0., 1., 0.],
       [1., 0., 0., 0.],
       [0., 0., 0., 1.],
       [1., 0., 0., 0.],
       [0., 1., 0., 0.],
       [0., 0., 0., 1.],
       [1., 0., 0., 0.],
       [0., 1., 0., 0.],
       [0., 0., 1., 0.],
       [1., 0., 0., 0.],
       [0., 1., 0., 0.],
       [0., 1., 0., 0.],
       [1., 0., 0., 0.],
       [0., 1., 0., 0.],
       [1., 0., 0., 0.],
       [0., 1., 0., 0.],
       [0., 0., 1., 0.],
       [1., 0., 0., 0.],
       [0., 1., 0., 0.],
       [0., 0., 0., 1.]]), 'senders': array([ 1,  1,  1,  2,  3,  4,  4,  5,  7,  8,  9, 12, 15, 16, 17, 18, 19,
       19, 20, 21]), 'receivers': array([ 4, 12, 19,  3,  2,  1,  5,  4, 21,  9,  8,  1, 16, 15, 18, 17,  1,
       20, 19,  7]), 'globals': None, 'nodes': array([[0],
       [1],
       [0],
       [0],
       [1],
       [1],
       [0],
       [1],
       [0],
       [0],
       [0],
       [0],
       [1],
       [0],
       [0],
       [0],
       [0],
       [0],
       [0],
       [1],
       [1],
       [1]])}, {'n_node': array(29), 'n_edge': array([22]), 'edges': array([[1., 0., 0., 0.],
       [0., 1., 0., 0.],
       [0., 0., 0., 1.],
       [1., 0., 0., 0.],
       [0., 1., 0., 0.],
       [1., 0., 0., 0.],
       [0., 1., 0., 0.],
       [1., 0., 0., 0.],
       [0., 1., 0., 0.],
       [1., 0., 0., 0.],
       [0., 1., 0., 0.],
       [1., 0., 0., 0.],
       [0., 1., 0., 0.],
       [1., 0., 0., 0.],
       [0., 1., 0., 0.],
       [1., 0., 0., 0.],
       [0., 1., 0., 0.],
       [1., 0., 0., 0.],
       [0., 1., 0., 0.],
       [1., 0., 0., 0.],
       [0., 0., 1., 0.],
       [0., 1., 0., 0.]]), 'senders': array([ 0,  1,  1,  3,  4,  5,  6,  7,  8, 10, 11, 14, 15, 17, 18, 19, 20,
       22, 23, 24, 25, 25]), 'receivers': array([ 1,  0, 25,  4,  3,  6,  5,  8,  7, 11, 10, 15, 14, 18, 17, 20, 19,
       23, 22, 25,  1, 24]), 'globals': None, 'nodes': array([[1],
       [1],
       [1],
       [0],
       [0],
       [0],
       [0],
       [0],
       [0],
       [0],
       [0],
       [0],
       [0],
       [0],
       [0],
       [0],
       [0],
       [0],
       [0],
       [0],
       [0],
       [0],
       [0],
       [0],
       [1],
       [1],
       [0],
       [0],
       [0]])}, {'n_node': array(15), 'n_edge': array([6]), 'edges': array([[0., 0., 1., 0.],
       [1., 0., 0., 0.],
       [0., 0., 0., 1.],
       [0., 1., 0., 0.],
       [0., 0., 1., 0.],
       [0., 0., 0., 1.]]), 'senders': array([4, 7, 8, 8, 8, 9]), 'receivers': array([8, 8, 4, 7, 9, 8]), 'globals': None, 'nodes': array([[1],
       [0],
       [0],
       [0],
       [1],
       [0],
       [0],
       [1],
       [1],
       [1],
       [0],
       [0],
       [0],
       [0],
       [0]])}, {'n_node': array(29), 'n_edge': array([28]), 'edges': array([[1., 0., 0., 0.],
       [0., 0., 0., 1.],
       [0., 1., 0., 0.],
       [0., 1., 0., 0.],
       [1., 0., 0., 0.],
       [0., 1., 0., 0.],
       [0., 0., 1., 0.],
       [0., 0., 0., 1.],
       [1., 0., 0., 0.],
       [0., 1., 0., 0.],
       [1., 0., 0., 0.],
       [1., 0., 0., 0.],
       [0., 1., 0., 0.],
       [1., 0., 0., 0.],
       [0., 1., 0., 0.],
       [1., 0., 0., 0.],
       [0., 1., 0., 0.],
       [0., 0., 1., 0.],
       [1., 0., 0., 0.],
       [0., 1., 0., 0.],
       [0., 0., 0., 1.],
       [0., 1., 0., 0.],
       [0., 0., 1., 0.],
       [1., 0., 0., 0.],
       [0., 1., 0., 0.],
       [0., 0., 1., 0.],
       [0., 0., 0., 1.],
       [1., 0., 0., 0.]]), 'senders': array([ 0,  0,  1,  2,  4,  5,  6,  6,  9, 10, 12, 13, 14, 16, 17, 18, 19,
       20, 20, 21, 21, 22, 22, 23, 24, 27, 27, 28]), 'receivers': array([ 1,  6,  0, 28,  5,  4,  0, 20, 10,  9, 22, 14, 13, 17, 16, 19, 18,
        6, 21, 20, 27, 12, 27, 24, 23, 21, 22,  2]), 'globals': None, 'nodes': array([[1],
       [1],
       [0],
       [0],
       [0],
       [0],
       [1],
       [0],
       [0],
       [0],
       [0],
       [0],
       [1],
       [0],
       [0],
       [0],
       [0],
       [0],
       [0],
       [0],
       [1],
       [1],
       [1],
       [0],
       [0],
       [0],
       [0],
       [1],
       [0]])}, {'n_node': array(15), 'n_edge': array([14]), 'edges': array([[0., 0., 1., 0.],
       [1., 0., 0., 0.],
       [1., 0., 0., 0.],
       [0., 0., 1., 0.],
       [0., 1., 0., 0.],
       [1., 0., 0., 0.],
       [0., 1., 0., 0.],
       [0., 1., 0., 0.],
       [1., 0., 0., 1.],
       [0., 0., 0., 1.],
       [0., 1., 1., 0.],
       [1., 0., 0., 0.],
       [0., 0., 0., 1.],
       [0., 1., 0., 0.]]), 'senders': array([ 0,  1,  2,  2,  3,  5,  6,  7, 10, 11, 11, 12, 13, 13]), 'receivers': array([13,  7,  3, 11,  2,  6,  5,  1, 11,  2, 10, 13,  0, 12]), 'globals': None, 'nodes': array([[1],
       [1],
       [1],
       [1],
       [0],
       [0],
       [0],
       [0],
       [0],
       [0],
       [1],
       [1],
       [1],
       [1],
       [0]])}, {'n_node': array(32), 'n_edge': array([26]), 'edges': array([[1., 0., 0., 0.],
       [0., 1., 0., 0.],
       [1., 0., 0., 0.],
       [0., 1., 0., 0.],
       [0., 0., 0., 1.],
       [1., 0., 0., 0.],
       [0., 1., 0., 0.],
       [1., 0., 0., 0.],
       [0., 1., 0., 0.],
       [1., 0., 0., 0.],
       [1., 0., 0., 0.],
       [0., 1., 0., 0.],
       [1., 0., 0., 0.],
       [0., 1., 0., 0.],
       [1., 0., 0., 0.],
       [0., 1., 0., 0.],
       [1., 0., 0., 0.],
       [0., 1., 0., 0.],
       [0., 1., 0., 0.],
       [0., 0., 1., 0.],
       [1., 0., 0., 0.],
       [0., 1., 0., 0.],
       [1., 0., 0., 0.],
       [0., 1., 0., 0.],
       [1., 0., 0., 0.],
       [0., 1., 0., 0.]]), 'senders': array([ 0,  1,  4,  5,  6,  7,  8, 10, 11, 12, 13, 14, 15, 16, 17, 18, 19,
       20, 23, 24, 24, 25, 27, 28, 30, 31]), 'receivers': array([ 1,  0,  5,  4, 24,  8,  7, 11, 10, 23, 14, 13, 16, 15, 18, 17, 20,
       19, 12,  6, 25, 24, 28, 27, 31, 30]), 'globals': None, 'nodes': array([[0],
       [0],
       [0],
       [0],
       [0],
       [0],
       [1],
       [0],
       [0],
       [0],
       [0],
       [0],
       [0],
       [0],
       [0],
       [0],
       [0],
       [0],
       [0],
       [0],
       [0],
       [0],
       [0],
       [0],
       [1],
       [1],
       [0],
       [0],
       [0],
       [0],
       [0],
       [0]])}, {'n_node': array(28), 'n_edge': array([22]), 'edges': array([[1., 0., 0., 0.],
       [0., 1., 0., 0.],
       [1., 0., 0., 0.],
       [0., 1., 0., 0.],
       [1., 0., 0., 0.],
       [0., 1., 0., 0.],
       [1., 0., 0., 0.],
       [0., 0., 0., 1.],
       [0., 1., 0., 0.],
       [1., 0., 0., 0.],
       [0., 1., 0., 0.],
       [1., 0., 0., 0.],
       [0., 1., 0., 0.],
       [1., 0., 0., 0.],
       [0., 1., 0., 0.],
       [0., 0., 1., 0.],
       [1., 0., 0., 0.],
       [0., 1., 0., 0.],
       [1., 0., 0., 0.],
       [0., 1., 0., 0.],
       [1., 0., 0., 0.],
       [0., 1., 0., 0.]]), 'senders': array([ 0,  1,  2,  3,  6,  7,  8,  8,  9, 14, 15, 16, 17, 18, 19, 22, 22,
       23, 24, 25, 26, 27]), 'receivers': array([ 1,  0,  3,  2,  7,  6,  9, 22,  8, 15, 14, 17, 16, 19, 18,  8, 23,
       22, 25, 24, 27, 26]), 'globals': None, 'nodes': array([[0],
       [0],
       [0],
       [0],
       [0],
       [0],
       [0],
       [0],
       [1],
       [1],
       [0],
       [0],
       [0],
       [0],
       [0],
       [0],
       [0],
       [0],
       [0],
       [0],
       [0],
       [0],
       [1],
       [1],
       [0],
       [0],
       [0],
       [0]])}, {'n_node': array(18), 'n_edge': array([10]), 'edges': array([[0., 0., 0., 1.],
       [1., 0., 0., 0.],
       [0., 1., 0., 0.],
       [1., 0., 0., 0.],
       [0., 1., 0., 0.],
       [0., 0., 0., 1.],
       [1., 0., 0., 0.],
       [0., 0., 1., 0.],
       [0., 1., 0., 0.],
       [0., 0., 1., 0.]]), 'senders': array([ 1,  3,  4,  6,  7,  8, 14, 15, 15, 16]), 'receivers': array([15,  4,  3,  7,  6, 16, 15,  1, 14,  8]), 'globals': None, 'nodes': array([[1],
       [1],
       [0],
       [0],
       [0],
       [0],
       [0],
       [0],
       [1],
       [0],
       [0],
       [0],
       [0],
       [0],
       [1],
       [1],
       [1],
       [0]])}, {'n_node': array(26), 'n_edge': array([18]), 'edges': array([[1., 0., 0., 0.],
       [0., 1., 0., 0.],
       [0., 1., 0., 0.],
       [1., 0., 0., 0.],
       [0., 1., 0., 0.],
       [1., 0., 0., 0.],
       [0., 1., 0., 0.],
       [1., 0., 0., 0.],
       [0., 0., 0., 1.],
       [1., 0., 0., 0.],
       [0., 0., 1., 0.],
       [0., 1., 0., 0.],
       [0., 0., 0., 1.],
       [1., 0., 0., 0.],
       [0., 1., 0., 0.],
       [0., 1., 0., 0.],
       [0., 0., 1., 0.],
       [1., 0., 0., 0.]]), 'senders': array([ 0,  1,  2,  4,  5,  8,  9, 12, 12, 13, 13, 14, 15, 16, 17, 19, 23,
       25]), 'receivers': array([ 1,  0, 25,  5,  4,  9,  8, 19, 23, 14, 15, 13, 13, 17, 16, 12, 12,
        2]), 'globals': None, 'nodes': array([[0],
       [0],
       [0],
       [0],
       [0],
       [0],
       [0],
       [0],
       [0],
       [0],
       [0],
       [0],
       [1],
       [1],
       [1],
       [1],
       [0],
       [0],
       [0],
       [1],
       [0],
       [0],
       [0],
       [1],
       [0],
       [0]])}, {'n_node': array(24), 'n_edge': array([20]), 'edges': array([[1., 0., 0., 0.],
       [1., 0., 0., 0.],
       [0., 0., 0., 1.],
       [0., 1., 0., 0.],
       [0., 0., 1., 0.],
       [0., 0., 0., 1.],
       [1., 0., 0., 0.],
       [0., 1., 0., 0.],
       [1., 0., 0., 0.],
       [0., 1., 0., 0.],
       [1., 0., 0., 0.],
       [0., 1., 0., 0.],
       [0., 1., 0., 0.],
       [0., 0., 0., 1.],
       [1., 0., 0., 0.],
       [0., 1., 0., 0.],
       [0., 0., 1., 0.],
       [1., 0., 0., 0.],
       [0., 1., 0., 0.],
       [0., 0., 1., 0.]]), 'senders': array([ 1,  3,  3,  4,  4,  4,  5,  6,  8,  9, 10, 11, 12, 12, 18, 19, 20,
       20, 21, 23]), 'receivers': array([12,  4, 20,  3, 12, 23,  6,  5,  9,  8, 11, 10,  1,  4, 19, 18,  3,
       21, 20,  4]), 'globals': None, 'nodes': array([[1],
       [1],
       [0],
       [1],
       [1],
       [0],
       [0],
       [0],
       [0],
       [0],
       [0],
       [0],
       [1],
       [0],
       [0],
       [0],
       [0],
       [0],
       [0],
       [0],
       [1],
       [1],
       [0],
       [1]])}, {'n_node': array(25), 'n_edge': array([20]), 'edges': array([[1., 0., 0., 0.],
       [0., 0., 0., 1.],
       [0., 0., 1., 0.],
       [0., 1., 0., 0.],
       [0., 1., 0., 0.],
       [1., 0., 0., 0.],
       [0., 0., 1., 0.],
       [0., 1., 0., 0.],
       [1., 0., 0., 0.],
       [0., 0., 0., 1.],
       [0., 1., 0., 0.],
       [1., 0., 0., 0.],
       [0., 1., 0., 0.],
       [1., 0., 0., 0.],
       [0., 1., 0., 0.],
       [1., 0., 0., 0.],
       [0., 1., 0., 0.],
       [1., 0., 0., 0.],
       [0., 1., 0., 0.],
       [1., 0., 0., 0.]]), 'senders': array([ 0,  0,  0,  1,  2,  3,  4,  4,  5,  6,  6,  7,  8, 11, 13, 18, 19,
       20, 21, 24]), 'receivers': array([ 1,  4,  6,  0, 24,  4,  0,  3,  6,  0,  5,  8,  7, 13, 11, 19, 18,
       21, 20,  2]), 'globals': None, 'nodes': array([[1],
       [1],
       [0],
       [1],
       [1],
       [1],
       [1],
       [1],
       [0],
       [0],
       [0],
       [0],
       [0],
       [0],
       [0],
       [0],
       [0],
       [0],
       [0],
       [0],
       [0],
       [0],
       [0],
       [0],
       [0]])}, {'n_node': array(25), 'n_edge': array([16]), 'edges': array([[0., 0., 1., 0.],
       [0., 1., 0., 0.],
       [1., 0., 0., 0.],
       [0., 1., 0., 0.],
       [1., 0., 0., 0.],
       [0., 1., 0., 0.],
       [1., 0., 0., 0.],
       [1., 0., 0., 0.],
       [0., 1., 0., 0.],
       [1., 0., 0., 0.],
       [0., 1., 0., 0.],
       [0., 0., 0., 1.],
       [0., 1., 0., 0.],
       [1., 0., 0., 0.],
       [0., 1., 0., 0.],
       [1., 0., 0., 0.]]), 'senders': array([ 2,  2,  5,  6,  7,  8, 12, 13, 14, 15, 16, 17, 18, 21, 22, 24]), 'receivers': array([17, 24,  6,  5,  8,  7, 18, 14, 13, 16, 15,  2, 12, 22, 21,  2]), 'globals': None, 'nodes': array([[1],
       [0],
       [1],
       [0],
       [0],
       [0],
       [0],
       [0],
       [0],
       [0],
       [0],
       [0],
       [0],
       [0],
       [0],
       [0],
       [0],
       [1],
       [0],
       [0],
       [0],
       [0],
       [0],
       [0],
       [1]])}, {'n_node': array(25), 'n_edge': array([24]), 'edges': array([[1., 0., 0., 0.],
       [0., 1., 0., 0.],
       [0., 1., 0., 0.],
       [1., 0., 0., 0.],
       [0., 1., 0., 0.],
       [0., 0., 0., 1.],
       [1., 0., 0., 0.],
       [0., 1., 0., 0.],
       [1., 0., 0., 0.],
       [0., 1., 0., 0.],
       [1., 0., 0., 0.],
       [0., 1., 0., 0.],
       [1., 0., 0., 0.],
       [1., 0., 0., 0.],
       [0., 1., 0., 0.],
       [1., 0., 0., 0.],
       [0., 1., 0., 0.],
       [0., 0., 1., 0.],
       [0., 1., 0., 0.],
       [1., 0., 0., 0.],
       [0., 0., 1., 0.],
       [0., 0., 0., 1.],
       [0., 1., 0., 0.],
       [1., 0., 0., 0.]]), 'senders': array([ 0,  1,  2,  3,  4,  4,  5,  6,  8,  9, 10, 11, 12, 13, 14, 15, 16,
       17, 18, 19, 20, 20, 20, 24]), 'receivers': array([ 1,  0, 24,  4,  3, 20,  6,  5,  9,  8, 11, 10, 18, 14, 13, 16, 15,
       20, 12, 20,  4, 17, 19,  2]), 'globals': None, 'nodes': array([[1],
       [0],
       [0],
       [1],
       [1],
       [0],
       [0],
       [0],
       [0],
       [0],
       [0],
       [0],
       [0],
       [0],
       [0],
       [0],
       [0],
       [1],
       [0],
       [1],
       [1],
       [0],
       [0],
       [0],
       [0]])}, {'n_node': array(23), 'n_edge': array([18]), 'edges': array([[1., 0., 0., 0.],
       [0., 1., 0., 0.],
       [0., 0., 0., 1.],
       [1., 0., 0., 0.],
       [0., 1., 0., 0.],
       [1., 0., 0., 0.],
       [0., 0., 1., 0.],
       [0., 1., 0., 0.],
       [1., 0., 0., 0.],
       [0., 1., 0., 0.],
       [1., 0., 0., 0.],
       [1., 0., 0., 0.],
       [0., 1., 0., 0.],
       [0., 1., 0., 0.],
       [1., 0., 0., 0.],
       [0., 1., 0., 0.],
       [1., 0., 0., 0.],
       [0., 1., 0., 0.]]), 'senders': array([ 0,  1,  2,  3,  4,  5,  6,  6,  7,  8, 12, 13, 14, 16, 19, 20, 21,
       22]), 'receivers': array([ 1,  0,  6,  4,  3,  6,  2,  5,  8,  7, 16, 14, 13, 12, 20, 19, 22,
       21]), 'globals': None, 'nodes': array([[1],
       [0],
       [1],
       [0],
       [0],
       [1],
       [1],
       [0],
       [0],
       [0],
       [0],
       [0],
       [0],
       [0],
       [0],
       [0],
       [0],
       [0],
       [0],
       [0],
       [0],
       [0],
       [0]])}, {'n_node': array(23), 'n_edge': array([22]), 'edges': array([[0., 0., 0., 1.],
       [1., 0., 0., 0.],
       [0., 0., 1., 0.],
       [0., 1., 0., 0.],
       [0., 0., 1., 0.],
       [0., 0., 0., 1.],
       [1., 0., 0., 0.],
       [0., 1., 0., 0.],
       [0., 0., 1., 0.],
       [1., 0., 0., 0.],
       [0., 1., 0., 0.],
       [1., 0., 0., 0.],
       [0., 1., 0., 0.],
       [0., 0., 0., 1.],
       [0., 0., 1., 0.],
       [1., 0., 0., 0.],
       [0., 1., 0., 0.],
       [1., 0., 0., 0.],
       [0., 1., 0., 0.],
       [1., 0., 0., 0.],
       [0., 0., 0., 1.],
       [0., 1., 0., 0.]]), 'senders': array([ 1,  2,  2,  3,  4,  4,  5,  6,  6,  7,  8,  9, 10, 11, 11, 14, 15,
       18, 19, 21, 22, 22]), 'receivers': array([ 4,  3,  4,  2,  1,  2,  6,  5, 11,  8,  7, 10,  9,  6, 22, 15, 14,
       19, 18, 22, 11, 21]), 'globals': None, 'nodes': array([[1],
       [1],
       [1],
       [1],
       [1],
       [1],
       [1],
       [0],
       [0],
       [0],
       [0],
       [1],
       [0],
       [0],
       [0],
       [0],
       [0],
       [0],
       [0],
       [0],
       [0],
       [1],
       [1]])}, {'n_node': array(18), 'n_edge': array([12]), 'edges': array([[0., 0., 0., 1.],
       [1., 0., 0., 0.],
       [1., 0., 0., 0.],
       [0., 1., 0., 0.],
       [1., 0., 0., 0.],
       [0., 0., 1., 0.],
       [0., 1., 0., 0.],
       [0., 1., 0., 0.],
       [1., 0., 0., 0.],
       [0., 1., 0., 0.],
       [1., 0., 0., 0.],
       [0., 1., 0., 0.]]), 'senders': array([ 0,  1,  5,  6,  7,  8,  8, 10, 11, 12, 14, 15]), 'receivers': array([ 8, 10,  6,  5,  8,  0,  7,  1, 12, 11, 15, 14]), 'globals': None, 'nodes': array([[1],
       [1],
       [0],
       [0],
       [0],
       [0],
       [0],
       [1],
       [1],
       [0],
       [0],
       [0],
       [0],
       [0],
       [0],
       [0],
       [0],
       [0]])}]